ADM 1 1 4.50431185854254 20.459502079995886
ADM 1 2 30.697423534056856 13.60738206917711
ADM 1 3 -90.09236087137633 373.0286727929941
ADM 2 1 -3.4981156015249484 6.78594963502715
ADM 2 2 14.404238564094806 5.141999624014951
ADM 2 3 -173.98162942913476 500.71031445733513
ASI 1 1 49.64569956640721 11.273014197702201
ASI 1 2 4.8420440252690335 34.88368591230474
ASI 1 3 -19.482846391495983 243.76220915134869
ASI 2 1 2.332905044201799 8.972039094174146
ASI 2 2 4.885329688752842 21.604959974360426
ASI 2 3 -137.60949736803983 471.9234191127746
FUJ 1 1 45.39263814850294 10.624617460623655
FUJ 1 2 42.62712955450901 29.105017250851596
FUJ 1 3 70.25084259655783 118.61282289991877
FUJ 2 1 32.57259992185631 6.677879926727418
FUJ 2 2 49.22028793161384 11.470118054232621
FUJ 2 3 19.961892972443106 208.53204614802013
FUK 1 1 45.68063101649082 74.05592892807907
FUK 1 2 62.46285043934131 49.76252501576409
FUK 1 3 78.25283410193508 59.547765221228936
FUK 2 1 48.65573617029336 67.19002140655067
FUK 2 2 65.22111528731537 47.79188868899559
FUK 2 3 55.442061803165714 58.343093059001475
HID 1 1 48.59918107058889 27.259656408358182
HID 1 2 35.14860582508484 34.76873336832247
HID 1 3 39.92893945268365 100.48592542733238
HID 2 1 26.032174410278575 13.346428745285657
HID 2 2 42.823214690209475 25.500673496178553
HID 2 3 -31.87579187256297 134.6942112359679
HJO 1 1 70.28985356356287 53.09404185006105
HJO 1 2 35.43056264880237 11.14855475564498
HJO 1 3 74.22958858389417 137.64512786064284
HJO 2 1 45.79241338912176 14.384204233364828
HJO 2 2 64.75390766157686 34.86209556811692
HJO 2 3 -5.449357579752505 233.08658392292824
HRO 1 1 31.274738344483044 52.395758742383485
HRO 1 2 26.880014501264476 26.598943185355527
HRO 1 3 -82.32004697304387 244.7484838247793
HRO 2 1 23.494984451943107 10.730647328062624
HRO 2 2 29.40360275100097 19.552826272481624
HRO 2 3 -285.1656803529213 353.9463041366648
INN 1 1 62.95043279970062 46.63878506979279
INN 1 2 39.433417791865295 63.46705073270948
INN 1 3 72.2734240596338 71.87705320261055
INN 2 1 73.24543735480236 32.61961314378703
INN 2 2 59.982658127475055 44.58380667863617
INN 2 3 32.305636687188574 91.8450288512851
IYG 1 1 23.90541931048899 7.765981546988844
IYG 1 2 59.08177789341317 22.44458140689632
IYG 1 3 25.112857116676654 158.19193158634033
IYG 2 1 31.380538719540898 9.260737917363466
IYG 2 2 47.29221520174652 18.082361601723036
IYG 2 3 -54.39814474785742 150.67233666268683
IZH 1 1 44.386401482026066 63.40375815053808
IZH 1 2 61.4340703936626 59.189104478765955
IZH 1 3 72.50626865794209 73.1597321947535
IZH 2 1 49.3883405131398 50.67318428943575
IZH 2 2 59.36393571765568 53.120441366699076
IZH 2 3 21.756735573007273 93.11505853925894
JIZ 1 1 40.92683387495009 9.122541963594081
JIZ 1 2 43.733865656590915 47.153740419359636
JIZ 1 3 76.21697869149689 110.96900019194284
JIZ 2 1 37.095393339520896 7.823318640004779
JIZ 2 2 38.878035187854266 11.695901978986795
JIZ 2 3 11.29920805814067 220.9400979456062
KIS 1 1 75.39817292644715 35.17936975076048
KIS 1 2 67.77074932622756 40.24424997823517
KIS 1 3 84.19207474327354 59.10418568741351
KIS 2 1 45.266716458730514 29.59594756166398
KIS 2 2 52.25315217150697 22.96718229466685
KIS 2 3 20.903976057363188 109.00446966871618
KMU 1 1 55.32966110858287 25.26330874558123
KMU 1 2 43.03663292864265 40.838194930000675
KMU 1 3 79.90147096977944 59.31524424191081
KMU 2 1 37.69259835837129 15.494197539289486
KMU 2 2 33.96638019637822 19.033719661597285
KMU 2 3 -3.0561646087068874 94.92682275477877
KNM 1 1 55.54778429703593 18.928338874641167
KNM 1 2 41.62863616316367 34.845405232828455
KNM 1 3 71.19343341498326 126.19606446922658
KNM 2 1 45.040928849640736 10.096867885078924
KNM 2 2 21.298109381448214 21.254930744435068
KNM 2 3 4.70538285287425 243.6316526648331
KNP 1 1 15.513441823287017 42.297270650915024
KNP 1 2 18.912233478956082 46.06507693462099
KNP 1 3 82.02595892966066 45.24859909181401
KNP 2 1 15.239082301695628 11.676637049128876
KNP 2 2 16.08403053741684 14.65344090641067
KNP 2 3 28.282367634327354 48.609230284773716
KNY 1 1 52.24433112385232 11.55313526594489
KNY 1 2 17.44576737617047 80.13813970065323
KNY 1 3 74.04527167285634 119.1463201279121
KNY 2 1 45.67422368343311 9.579299861199067
KNY 2 2 48.13022300035929 20.239828464982
KNY 2 3 31.177840712864175 187.15918423007824
KSK 1 1 -0.14166801640688806 23.25933223665798
KSK 1 2 24.659616363670406 16.670403644810335
KSK 1 3 -389.5316461472994 542.3172178489909
KSK 2 1 19.26927237064674 10.070908654866752
KSK 2 2 21.65525715331635 7.8352620315160815
KSK 2 3 -344.7762214740541 441.8530789910476
KSN 1 1 9.567700217760365 10.569123176202675
KSN 1 2 35.85249548838323 14.671780986633111
KSN 1 3 -20.529169724361296 224.85822682958513
KSN 2 1 24.92565092892917 8.426182352301824
KSN 2 2 37.66654843685628 10.113289364850218
KSN 2 3 -84.1160808485506 171.87981191531097
KSR 1 1 50.36091751612069 44.0297853136356
KSR 1 2 43.064006958338624 52.86133490958964
KSR 1 3 77.90882811246512 23.66537690215627
KSR 2 1 24.121308665767433 12.254406257421149
KSR 2 2 24.492120475260503 20.863389352614128
KSR 2 3 -9.342894159727237 34.73661056317027
KZK 1 1 26.890866927441813 22.040246662049782
KZK 1 2 21.510073610055407 30.936062428439044
KZK 1 3 16.916747069934136 181.82598019680447
KZK 2 1 -1.5208410915330044 7.89822971387874
KZK 2 2 -20.612418170483135 28.115344192092497
KZK 2 3 -125.11329703756725 447.02029934322076
NKG 1 1 29.687689466057854 13.77563249701564
NKG 1 2 17.63331165716067 35.460625020954744
NKG 1 3 67.6085697851228 101.26241332539152
NKG 2 1 32.5639972293513 8.917549042442976
NKG 2 2 26.25645837404703 15.002961609389931
NKG 2 3 51.37159006196211 96.64958471924815
NOK 1 1 43.86084708186416 67.86968964867133
NOK 1 2 70.17989276834324 41.84322424039856
NOK 1 3 86.57054603648803 72.12508862346183
NOK 2 1 50.40071054168656 35.566473245188405
NOK 2 2 57.9610578056886 23.580959268433183
NOK 2 3 34.58274426079788 116.24335612845421
NOP 1 1 16.470416167998014 30.030774975681794
NOP 1 2 20.37150297993054 44.097072873658135
NOP 1 3 77.41707531600905 70.30942316384517
NOP 2 1 29.012241729301387 10.973650347993505
NOP 2 2 30.9492658570369 16.094211127842314
NOP 2 3 36.44558515072644 66.10805395353809
NRW 1 1 59.65459827726139 46.84516929350786
NRW 1 2 71.30226401264468 31.84986974571596
NRW 1 3 80.90778726673632 96.51381847382686
NRW 2 1 55.89778143682639 25.1913035635768
NRW 2 2 61.60308309987027 20.17781262598955
NRW 2 3 37.64366267617866 140.70716761354987
ONS 1 1 50.35049357994018 10.945285975217232
ONS 1 2 -43.23240207972275 70.1804386185027
ONS 1 3 28.445350996579638 242.40167082871665
ONS 2 1 16.29054683227323 8.262728159570496
ONS 2 2 -2.9594777211517234 34.37568545851568
ONS 2 3 -58.95083277347131 414.32444547379345
SAG 1 1 65.25324511083831 23.635220604611288
SAG 1 2 67.64232865548902 21.450170305749896
SAG 1 3 77.2357470045948 100.29307282412337
SAG 2 1 65.0017739463074 13.7272033880925
SAG 2 2 68.97150023892213 15.957407725664842
SAG 2 3 22.001671529431714 166.06063596841733
SGN 1 1 39.04173644181633 9.252838101921574
SGN 1 2 5.527320538143813 65.78462046397534
SGN 1 3 57.154834528013986 152.46731704042492
SGN 2 1 32.14507589814377 7.04104394476798
SGN 2 2 38.668431397676684 16.79099844892158
SGN 2 3 -30.02684564013635 318.7932767048643
SHR 1 1 -18.556309470534234 41.9958673431523
SHR 1 2 -40.85864482209191 68.55112923902595
SHR 1 3 76.77049638798407 23.628056951585545
SHR 2 1 -18.001299899314322 20.7225569611515
SHR 2 2 -34.61099925051198 31.28947570250126
SHR 2 3 6.488683430339409 24.34366415754902
SIB 1 1 62.41552246150695 50.755997738795195
SIB 1 2 44.41886735915171 97.24416503182351
SIB 1 3 76.26195973087815 56.965183286959494
SIB 2 1 68.27899780557883 45.61936805290421
SIB 2 2 52.636734318780526 81.36923074923821
SIB 2 3 48.074961229162625 68.54207488720053
SRN 1 1 46.955079780928195 29.24735138515141
SRN 1 2 56.430881384640784 19.527967131349026
SRN 1 3 62.26052200543909 147.51907564868205
SRN 2 1 30.112102150299435 9.263889458109647
SRN 2 2 16.784767752174456 13.039775868313535
SRN 2 3 -48.30390737837166 332.15712226593917
STM 1 1 46.424754462065444 56.7129557069859
STM 1 2 54.444161750945156 75.77915906836446
STM 1 3 75.74336042592817 68.06049041213457
STM 2 1 55.41404902440118 49.48119413655359
STM 2 2 65.36204751396615 55.439448911378776
STM 2 3 40.590609321305365 73.71300048937064
TAS 1 1 63.37381886224554 52.89567474104892
TAS 1 2 30.157331337437107 95.28571484048354
TAS 1 3 78.90194763410184 31.766330167290224
TAS 2 1 71.52759593679636 38.87671679648389
TAS 2 2 48.631673342302385 79.6453576413288
TAS 2 3 60.47121488385228 37.126953369549824
TGA 1 1 52.42307180994014 35.72478656002071
TGA 1 2 58.13230403883237 24.72454576157687
TGA 1 3 80.49823477812365 99.10824610391454
TGA 2 1 55.295956747574856 18.19297646081019
TGA 2 2 44.42008792665673 14.57903487687936
TGA 2 3 32.22164639836513 162.35351776916008
TKD 1 1 63.79185028132634 57.449523497359195
TKD 1 2 44.47430006451793 58.28140992731373
TKD 1 3 79.51365560131929 53.99652676371336
TKD 2 1 74.94065822223553 39.84571247858383
TKD 2 2 62.627212097455136 44.563322728605804
TKD 2 3 32.87941321822754 78.61636424103675
TMC 1 1 62.934502279506056 52.77544526458232
TMC 1 2 37.331308215726544 72.45785899825914
TMC 1 3 80.35002952946918 54.68925999573289
TMC 2 1 73.87070329073862 39.14739157843403
TMC 2 2 57.605875181776405 50.85750292876246
TMC 2 3 30.849378838017945 86.36016673940695
TSK 1 1 42.16087514500997 9.48552231876886
TSK 1 2 -28.645392100122066 67.98762284579882
TSK 1 3 -43.87235637368462 289.02639161009466
TSK 2 1 -2.750388121430978 15.68081774815309
TSK 2 2 -2.718769645524151 34.85608295570174
TSK 2 3 -128.49495348307795 393.25833920460656
TTO 1 1 50.88051689151702 11.972021765435578
TTO 1 2 17.770065478967158 48.85059502987213
TTO 1 3 61.130758094545904 145.7523347067425
TTO 2 1 33.148052291536935 7.125625264685119
TTO 2 2 33.336599193476026 17.401036014743298
TTO 2 3 -16.733097801495237 293.62462596755165
TYS 1 1 15.24520751467766 8.813623966815838
TYS 1 2 37.964018124291414 12.586417610248343
TYS 1 3 22.922039233064858 159.1166816253217
TYS 2 1 26.71170509871659 9.000990275211471
TYS 2 2 41.59878677647697 10.88324995615527
TYS 2 3 -60.75528610969801 148.6686218980436
UMJ 1 1 -0.6466419142559882 95.82501660075668
UMJ 1 2 30.67539768464285 57.92940327253318
UMJ 1 3 78.6235658895173 63.43840241531786
UMJ 2 1 47.94707293357679 47.662117134016505
UMJ 2 2 52.13153194800394 36.64019892250439
UMJ 2 3 10.950924253170651 102.63760417488406
URH 1 1 35.2953667116065 41.54558520172747
URH 1 2 21.513390442119057 58.48481174022129
URH 1 3 82.5891749567036 33.0422225844182
URH 2 1 13.308214308701077 13.025961181547583
URH 2 2 4.514916921690621 22.75806744886614
URH 2 3 11.64416082158931 49.58648848349394
WJM 1 1 32.96613693763473 14.582619977231946
WJM 1 2 43.339717819540994 13.81520375024678
WJM 1 3 -2.54947383050299 269.53078303980715
WJM 2 1 24.549475531007975 5.964869558490371
WJM 2 2 28.997913649802378 7.723965662560152
WJM 2 3 -148.46785407419577 531.3113781786491
WTR 1 1 57.00451025808385 29.22144168244969
WTR 1 2 50.795893676986005 34.53393430256821
WTR 1 3 81.92912305663083 90.92026372008823
WTR 2 1 60.191657212235455 21.23585357015134
WTR 2 2 62.85194117636128 17.91822273996246
WTR 2 3 30.60496260717068 135.63405022234218
YAS 1 1 52.10215479712572 50.31519391449391
YAS 1 2 71.69531113405189 32.26164963931708
YAS 1 3 75.29359264036127 109.78128158381476
YAS 2 1 60.2312214660579 17.353071108696298
YAS 2 2 56.535772456087905 13.380568594824243
YAS 2 3 20.990051425571842 173.3173663420599
YMZ 1 1 46.51294120049308 19.452899634983904
YMZ 1 2 -10.891616375044512 37.081559377928905
YMZ 1 3 -11.563818095057114 212.04996516614088
YMZ 2 1 -3.2432821603205078 11.452524604778583
YMZ 2 2 -18.42289446399751 31.314785730502155
YMZ 2 3 -206.3206281402324 407.0475814723578
YSI 1 1 66.71282741032933 33.51881002133087
YSI 1 2 70.05185031676645 28.210740248154025
YSI 1 3 74.7320809303633 98.93410191229151
YSI 2 1 68.6462510148703 18.073306484793047
YSI 2 2 69.45815308453088 17.93747071386986
YSI 2 3 34.064749633416945 151.1694955750044
tw  comp
1   1       42.012946
    2       34.530563
    3       42.174983
2   1       36.526494
    2       36.318969
    3      -26.338379
Name: mean, dtype: float64